85000800500000080880400800088000080800000080880848
55000006550000080880400880088800880850500080888888
58500080800080850080800000808788088000880808800
55508000000000808808008800880000808500080808808
55008000000000808808508680885006808007005860888
5850000000050880500808088050080800500880885800
855080800500808580805808808000007008808080050
5588050070000050888800005055888800555505
8550080080500080005500588880808885000000
5658500060888600600080050080000608000
70850043085000008876085005538000000
7840055080008807508000050080000500
888088888888888888880880888808080
708000550850000088740800080000000
658500040800000000088870800085500
708000550850000088740800080000000
808000550850000088700800080000000
75840065088000008886080000805000
75820055085000008875080000800000
50850045080500000008806608000080
8887508880808888008088080080050
8885558080800888008080080000050
5584004508500000888408000080000
7080005508500000888608040080500
8084005008500000888408000805005
7085005008500000887008000805000
7850006080400000008806608000080
7850035080500000008806608000080
8500550840000588048400000800005
7800040088000050008877080008200
808400550850000088750800008550
608200550850000088700800008050
850055084000058804840000080000
550840040087000000088780800085
70084004508500050880535800085
85005508000005880480000008000
85005508000005880080700008000
8800000088880800880888080888
8800000088880800880888080888
8800000088880800880888080888
5584005508000058800840005080
8400540840000488060850056080
8400540840000488750840006080
8400440840000088008500550800
850055084000008806080008000
608500500850000088700800080
608500500800000088700800080
508500500850000088750800080
850055080000000887808000805
850055085000000888008000800
850055085000000887808000800
885005508400000884608003080
085005508400000884508003080
840054084000008855085035380
840054080000048875084005380
850055080000008850805005080
850055080000058875084055380
88875080008008080008008800
88080088088008080050080800
85005408000005886608046080
84005408000005880608046080
84005408000004886608045080
84005408000004886508405080
84005008400004885708036080
84005408400004885608046080
84005408000004885508035080
84005408000000887608005080
85005308400004885708036080
84005008400000880085004508
85003508000004886608000800
5558805558550058500088850
8558805808000088086088080
5550880050088800800008880
5788058008065080000088000
8400550800000888080460840
555088000008600805008880
658805008080805800008800
585558055855888800508050
840055080000088708046084
55088000058000080050880
80500800800880008880008
50008805008080000880000
85880600880808800058880
55880000080550804008880
57880780880808800008880
55080000000000806558850
55500000000000807058850
55580050080000808558850
58880680880500805008880
55588508058080080000880
58806008080805800008800
56885800885800800000880
50588050088050580800880
6508880700800000008008
8588000088050000008888
5588050058550085005088
558800585808800008880
558800585800800008880
55880800800000008008
88800000880808808880
8858808008805588088
7800880500800008088
8885088080880808888
8858808808808888888
7588800880808880088
8588080888088800000
8588080888088800000
8588585500800008888
5555558888880058888
888808058808000088
858580080088808880
858808008008588888
858808008008588888
858808008005088888
858808008008588888
888080088005808880
888508808088088088
868508808088088088
885880800880008888
88850888088088080
88850888888088080
88858008800588080
88858008800888880
88808008000088880
85008808008008080
55058888888088880
88808088808580880
88858008008088580
88858088005088880
88858008080580880
88858088005088880
88855008808888080
88858008800088880
88858008800888880
88858008800588080
88858008008088880
85508808008008880
88800008008580580
88800808008580080
88880888800088080
88808008800588880
86880808805580888
88880088508880880
88808008888088880
80806008505880080
86880808808888880
85880800800088088
85585550850508880
87505058008888888
85505058808888888
88808008005880880
8550580080088888
8550080080008888
8800558708500888
8880088805088880
8880068080008088
8880068080008088
8880068080008088
8550080080008888
8885800800058880
8880800800808008
555508550080588
885880800800008
855008008000808
858880088008880
888800880888888
858888088088880
855580085088880
88880088088880
85855088505588
55558585808880
55558585808880
88880088088880
88580088088880
58800808580580
88850088000088
85580000880588
85580800800008
88805088088880
85588888888888
88888088088080
85880000008800
8885808808880
8555555555585
8858088088880
5880808808880
7880808808880
8880808800088
8880808800880
5880080000880
808880888888
808880888888
588000008880
880080088080
85550088580
855088080